Generated sequence: [2.038726933786173, 2.813119817044087, -1.121963785940905, 1.5590644783549825, 1.0244343953651063, -0.7055315575398476, 3.4299326124146585, -0.34960628888551426, 3.804699981804423, -0.20889430170553608, 1.9732160301903339, 2.1134835184838456, 4.119508543090766, 1.4045345063884294, 4.2209682291533195, 1.6323619004024559, 3.7787090848455125, 3.959962038208131, 0.9374246547940965, 5.002810917576236, 1.7934607726584628, 2.8145616883450852, 3.3840073187770745, 3.5647832557476304, 0.19150152346256713, 1.001791721960002, 3.344118822649182, 3.7765267744307867, -0.35479225700225586, 3.9361800206014292, -0.960781787720619, 3.9202822907280357, 3.7244003740541025, 2.653791087588969, -0.03900136338218324, 0.48641877714012305, 0.19174325520385738, 2.5473679353137135, 2.9344251969466066, 2.334784729983882, 2.832556908261862, 1.9781390247215713, 3.0610463393092155, 2.2930081485886733, 1.9995110256130466, 4.454399335392915, -0.15330676814935584, 4.016945149309888, 0.8703189037355289, -0.18436819813362024, -0.3845894525575914, 1.2585632200832764, 2.2184345413889437, 3.924129564442428, -0.7597597504825886, 3.7977159564818224, 3.169022237628413, 3.829339251195806, 2.649153667353964, 3.1754599793634393, 3.3335231400541154, 2.3445178273472993, 2.7546879417703574, 3.4791749234726503, -2.1163782640070257, 2.9508424695298796, 3.2557666822089875, 4.787878422511106, 3.6771999715801336, 1.543157986596384, 1.405431301600407, 3.120164207158969, 2.7250614935906228, -0.9058598804547159, 3.22949304351191, 5.00353301126208, 1.6213497703941289, 0.5627539128386486, 2.848884050803742, -0.3880342943858388, 1.141890627206618, 0.3792403646785659, 3.695570564092141, 0.5142654734077853, 2.506876511385664, 0.9307807387996071, 1.7533332356377946, 3.8417577973714514, 0.9514219023334349, 1.5432833106397503, 0.1488871760432509, 1.9500011634979975, 4.23347001975592, 0.292291761865898, 3.114599625200177, 2.836330093374051, 2.4165254206862126, 2.586145056513705, 3.179805492682284, 2.4527902559347967]

Final estimates:
a_1: 0.15815082082998766
a_2: 3.0494093966293554
p_1: 0.32
p_2: 0.6799999999999999